<Trait>	BLUE_Yield	BLUE_DTS	BLUE_DTA	BLUE_PH	BLUE_EH
PI601009xEP37	-999	64.7269	60.4031	157.9018	60.5324
PI601009xNSL8583	5.9727	66.6794	63.995	195.8136	64.697
PI601009xAmes23467	-999	66.2722	64.2974	196.7149	65.2091
PI601009xPI340829	-999	64.3171	61.9971	180.2659	72.8536
PI601009xAmes14211	5.6745	64.1711	62.7591	178.3185	73.8735
PI601009xA619	6.1337	65.514	63.057	207.487	75.737
PI601009xAmes27183	7.1552	65.8107	64.2673	198.8143	76.2319
PI601322xEP37	-999	65.0053	59.6647	214.8007	76.2441
PI601009xAmes28186	4.839	64.6976	62.7902	195.2227	76.8484
PI601009xNSL32738	4.1143	63.3158	61.4024	189.6374	77.2212
PI601009xEP39	5.2392	65.1789	63.1255	187.4399	77.7524
PI601009xAmes27049	5.7407	64.2477	61.8579	192.6329	78.0653
PI601009xAmes26783	5.8282	68.0202	66.1145	204.5423	78.3758
PI601009xH84	2.7187	73.9956	71.2178	183.0967	78.618
PI601322xEP46	-999	61.9827	57.8529	227.3357	79.2221
PI601009xAmes27068	5.4475	65.2913	63.5931	200.5102	79.2442
PI601009xNSL30910	7.0727	68.1785	66.4783	195.2831	79.3665
PI601009xPI550556	7.0113	68.3348	65.3341	191.3684	79.5305
PI601009xAmes29018	3.7997	69.7863	66.3138	201.0385	79.6648
PI601322xEP73	5.5041	64.8202	61.6288	195.8326	80.0383
PI601009xPI600791	7.4118	66.106	64.8297	200.1719	80.111
PI601009xPI644100	4.8411	65.2481	62.6897	187.8211	80.3294
PI601009xPI567792	5.4815	66.4041	64.4028	196.9517	80.9093
PI601009xAmes28364	5.6284	65.0484	63.0647	197.8433	81.0793
PI601009xPI601405	5.9634	64.3887	63.0778	200.0149	81.261
PI601322xPI539871	6.7408	66.1899	64.1767	204.3918	81.28
PI601322xAmes23475	-999	67.1173	63.8225	225.739	81.3397
PI601009xAmes27141	3.0851	71.2303	69.5689	201.8335	81.589
PI601322xAmes27183	7.036	65.8915	63.4014	214.8359	81.6295
PI601009xPI601562	7.0071	66.3156	64.4277	207.6978	81.8695
PI601009xPI601560	7.1258	66.8487	64.8816	213.2369	81.99
PI601009xAmes22750	6.2754	67.0009	65.2074	205.6354	82.2611
PI601009xPI594079	7.173	66.8223	64.8746	198.7183	82.4632
PI601009xNSL42808	5.1016	65.5241	63.1862	194.9795	82.4672
PI601009xNSL8585	4.899	64.9349	62.5259	214.9703	82.5424
PI601009xA641	5.7977	63.8718	62.755	193.0704	82.6245
PI601009xNSL117226	4.6732	68.1128	66.9009	203.2005	83.0092
PI601009xAmes27196	5.9271	66.3709	64.716	196.1197	83.144
PI601009xPI634207	4.739	66.721	64.5172	196.2396	83.1727
PI601009xAmes19318	6.6899	67.8195	67.0834	194.5574	83.2123
PI601009xAmes27137	6.9782	67.1596	64.8807	207.3664	83.4317
PI601009xPI340859	5.5945	66.4212	65.0519	208.7173	83.4343
PI601009xAmes24704	5.7662	65.6584	64.4823	201.5616	83.4988
PI601009xEP73	-999	61.3708	60.343	196.6238	83.7945
PI601009xAmes22441	5.7183	64.5001	63.4626	215.2299	83.918
PI601009xAmes24707	5.7442	64.6303	62.5843	188.2894	83.9222
PI601009xPI601558	7.3029	65.3815	63.6274	205.5898	84.1976
PI601009xAmes24742	-999	67.3315	64.8328	204.3935	84.2471
PI601009xPI553055	5.7347	64.6529	62.995	217.3775	84.2957
PI601009xPI561694	5.8586	65.497	63.5851	200.3602	84.3141
PI601322xAmes27052	7.0689	70.1518	66.1542	210.5399	84.3331
PI601009xNSL42877	5.4452	64.0284	63.0556	208.1128	84.3376
PI601009xPI601316	7.4416	65.5794	63.3992	191.3657	84.3768
PI601009xPI531081	6.9587	66.9935	64.9498	198.4041	84.4131
PI601009xAmes19288	6.8161	65.5877	63.6313	207.2874	84.495
PI601009xPI601567	6.5226	65.2426	63.6291	201.2357	84.5938
PI601009xPI539871	6.8759	65.9885	65.3421	199.852	84.6472
PI601009xAmes23420	6.0852	64.7342	62.7165	205.0014	84.7362
PI601009xM14	7.0821	66.0181	64.7785	202.859	85.0039
PI601009xPI553062	4.2723	66.6758	64.4997	207.4938	85.0211
PI601009xB105	6.9843	67.241	65.419	206.3683	85.0562
PI601322xAmes27068	-999	66.2107	64.1347	225.5602	85.0908
PI601009xPI601689	6.3409	67.6125	66.6626	199.2205	85.1656
PI601009xPI601792	7.6353	66.803	65.2894	210.6395	85.3376
PI601009xPI550442	7.1267	67.3008	64.5952	204.1719	85.3737
PI601322xA619	6.6877	65.5808	63.0104	225.7442	85.6358
PI601009xPI520772	6.3297	65.6913	64.3522	197.1018	85.6983
PI601009xPI601170	7.2894	64.6647	63.2686	190.5663	85.7503
PI601009xAmes27057	6.4532	64.066	61.7957	196.9819	85.8164
PI601009xB103	5.9439	65.1107	63.4832	199.1928	85.891
PI601009xPI601726	6.4806	65.3405	63.3616	196.145	86.1038
PI601009xPI601317	6.7217	66.3891	64.8685	199.9527	86.1583
PI601009xPI601497	7.2611	65.9238	63.4628	198.5063	86.374
PI601009xNSL30894	7.3836	66.9778	64.3963	207.3483	86.6943
PI601009xAmes22439	6.4895	65.8702	64.1718	198.2991	86.7313
PI601009xAmes19000	7.1642	67.6447	66.1838	200.7895	86.84
PI601009xPI601403	6.4971	67.8406	66.383	202.2336	86.8487
PI601009xPI601728	6.5512	65.7944	63.8764	211.7152	86.9273
PI601009xPI542953	6.4114	72.0027	67.9056	217.6528	87.025
PI601009xNSL30059	7.1487	63.723	62.7247	221.55	87.1669
PI601009xAmes23445	5.6302	65.3176	62.8952	197.1135	87.174
PI601009xPI601458	6.5138	66.0012	63.3747	203.7885	87.1865
PI601009xNSL29304	6.5716	66.8799	66.0266	203.1777	87.2769
PI601009xEP31	5.0008	63.2447	61.9374	211.3054	87.6361
PI601009xPI634206	6.3894	69.6377	66.2282	209.5985	87.6771
PI601009xAmes23495	6.6585	66.1983	64.0645	214.579	87.7061
PI601322xEP39	4.237	65.1748	62.593	209.9338	87.7177
PI601009xPI601782	6.9439	65.653	64.1013	210.3513	87.7886
PI601009xAmes24718	6.98	66.6781	65.3783	205.1412	87.8718
PI601322xNSL8583	4.9429	67.1821	63.2892	220.6959	87.9777
PI601009xA554	4.7187	64.9768	63.6137	195.3293	88.07
PI601009xAmes26798	6.0843	66.4401	64.2298	198.3331	88.1353
PI601009xPI634211	6.7427	66.3308	63.8998	212.6501	88.1896
PI601009xH99	7.2543	66.279	65.1759	203.0389	88.2035
PI601009xPI601566	8.0188	67.1922	65.0039	207.915	88.2154
PI601009xAmes19293	5.6149	66.7454	64.7024	206.8341	88.2389
PI601009xPI587153	5.2019	65.0965	63.3404	198.7893	88.3175
PI601009xPI550507	6.2591	65.897	64.5548	209.3466	88.3326
PI601009xPI601724	7.5102	67.0012	65.1389	209.0787	88.3961
PI601009xAmes26804	7.4811	68.0961	65.7913	209.8287	88.4644
PI601009xAmes23449	5.6342	64.9935	63.3937	206.8067	88.5156
PI601009xPI601190	6.2616	66.4062	63.9367	201.5624	88.6109
PI601009xPI538231	5.9305	65.5551	63.6568	213.8368	88.6562
PI601009xNSL42806	5.3554	65.7	62.8729	211.6813	88.7104
PI601009xAmes24719	6.0817	65.7051	64.0329	209.13	88.7854
PI601009xPI596357	5.8861	69.0491	67.9003	199.6591	88.8224
PI601009xPI608768	6.6858	66.4304	64.3887	210.5273	88.8987
PI601009xAmes22749	7.1017	66.6003	64.0837	215.9627	88.9446
PI601322xAmes27033	6.0446	65.0923	62.576	211.3441	89.0027
PI601322xAmes27057	-999	65.4533	63.0378	203.0373	89.083
PI601009xAmes24744	6.1147	65.3684	63.7079	205.136	89.1004
PI601009xPI601457	6.0293	64.5156	62.2881	217.9442	89.355
PI601009xPI601574	7.076	67.0325	65.8559	211.4041	89.5295
PI601009xPI550492	5.5367	66.1203	63.9095	203.9546	89.5435
PI601322xH99	6.6995	65.1607	63.222	213.6248	89.56
PI601009xAmes24716	6.1689	66.5792	65.3247	189.9899	89.6575
PI601009xNSL30876	6.5397	66.9485	64.6048	210.4579	89.6951
PI601009xEA2000	5.2935	63.7853	62.0707	197.2658	89.7486
PI601009xAmes28985	4.0739	65.91	63.3244	201.6424	89.7979
PI601009xAmes23421	5.5691	64.9897	63.4739	199.3433	89.8393
PI601009xAmes24745	6.6834	67.2535	64.7251	208.2347	90.0215
PI601009xPI594078	7.2305	67.1034	64.8846	199.2321	90.0294
PI601009xNSL438036	6.3871	67.0494	65.4822	204.5525	90.1816
PI601009xA635	6.4393	65.6578	64.1262	197.9947	90.2194
PI601009xAmes24748	6.2127	66.213	64.4354	218.7746	90.2419
PI601009xPI524969	6.9879	65.9851	64.4135	216.6546	90.3051
PI601009xAmes2327	5.7726	68.0724	66.3382	202.5547	90.3668
PI601009xAmes22757	6.0407	65.1935	63.5456	206.933	90.3833
PI601009xMo47	6.6429	66.9378	65.019	200.9151	90.3904
PI601009xAmes26770	6.6245	68.3264	65.8774	216.3665	90.4067
PI601009xPI601318	7.3608	64.7789	64.071	200.3021	90.4686
PI601009xPI601727	6.814	65.0596	62.9271	196.5209	90.4829
PI601009xAmes19313	7.4372	66.9992	65.1941	197.0713	90.5164
PI601009xPI186227	6.3824	66.3778	64.3414	207.8309	90.5271
PI601322xPI594054	7.2716	67.5389	65.1787	216.3802	90.5809
PI601009xAmes22755	7.3138	66.9729	65.2743	206.0677	90.6176
PI601009xB104	6.4473	68.4013	65.8756	204.0517	90.6237
PI601009xAmes23406	5.5286	65.1737	63.1554	214.4604	90.6272
PI601322xAmes28186	5.1925	66.1363	62.9183	216.3219	90.6469
PI601009xNSL29303	6.056	67.6712	65.5831	208.5122	90.6961
PI601009xAmes26757	-999	66.4973	65.3049	209.676	90.7146
PI601009xPI601319	6.9749	65.5793	63.8146	194.9413	90.7742
PI601009xNSL437931	6.7944	69.2444	66.1259	199.4806	90.8024
PI601009xAmes28991	4.3708	66.397	64.777	217.2896	90.8046
PI601009xPI601438	7.3255	66.4825	65.6647	216.9638	90.9231
PI601009xPI607384	6.2736	66.7536	64.6307	214.0157	90.9258
PI601009xEP10	5.0263	67.2576	64.6664	211.9215	91.0389
PI601009xA659	6.1211	65.9703	65.0717	217.0323	91.0525
PI601009xAmes27046	4.863	64.082	62.0425	210.9779	91.07
PI601009xAmes28426	7.8604	67.9994	65.9949	212.5387	91.1129
PI601009xPI608764	6.8954	67.367	65.817	208.7193	91.1379
PI601009xPI601080	-999	64.802	62.7122	217.9277	91.1402
PI601009xNSL30065	5.2686	65.2376	63.5433	209.5827	91.186
PI601009xPI601320	6.6388	68.9386	67.5463	221.1832	91.197
PI601009xNSL29314	6.413	65.5922	63.8023	214.7026	91.2165
PI601009xAmes29014	3.6298	68.6123	67.6358	213.2716	91.2292
PI601009xAmes26775	7.0326	67.774	66.1385	222.0801	91.2888
PI601009xAmes22751	5.0875	67.0391	66.4762	192.2001	91.4464
PI601009xEP32	5.7362	64.8013	62.8799	207.3841	91.5386
PI601009xB76	3.6233	69.5759	68.7196	194.8233	91.6008
PI601009xPI601270	7.2138	65.9567	63.8249	199.1427	91.6161
PI601322xEA2000	5.9948	65.9082	63.3529	214.8389	91.6257
PI601009xNSL30054	5.644	65.3571	64.4647	207.7075	91.7341
PI601009xAmes26755	6.884	67.3292	65.4895	200.5682	91.8061
PI601009xPI601005	6.7671	65.0273	63.2185	194.9653	91.8986
PI601009xB37	4.1639	71.6052	70.0758	210.6611	91.8989
PI601009xNSL438022	6.5229	66.8142	65.7841	209.2349	91.9031
PI601009xMR20_(Shoe_Peg)	-999	71.0668	68.8714	214.5875	91.9753
PI601009xPI600944	7.5611	65.0601	64.0945	212.3335	92.0197
PI601009xMo46	5.5114	67.6215	65.0325	212.1857	92.067
PI601322xAmes26804	7.6401	69.3323	66.128	225.3664	92.162
PI601322xPI594057	7.3963	68.5395	65.8638	224.1036	92.1867
PI601009xAmes24711	6.1788	67.2168	64.5504	216.1828	92.2055
PI601009xPI186193	5.657	64.8237	63.2077	199.2214	92.2327
PI601009xNSL30055	6.4791	65.7232	64.5017	204.8648	92.3369
PI601009xPI601496	6.8114	65.947	64.6657	217.7194	92.658
PI601009xPI601494	6.4152	67.9177	65.5569	210.1146	92.7585
PI601009xAmes12727	6.8865	71.118	68.3022	223.9707	92.7809
PI601009xPI221750	5.5868	65.1197	63.9838	206.0628	92.794
PI601009xAmes28412	6.899	68.7159	66.7191	210.6742	92.8404
PI601009xN192	7.5025	65.6024	64.7048	197.2804	92.87
PI601009xNSL28966	6.9106	67.1286	64.9172	216.8669	92.9417
PI601009xA682	6.4155	65.5235	63.667	212.5574	93.0099
PI601009xA634	6.4936	66.2332	65.3492	207.9106	93.0391
PI601009xAmes27184	6.9557	66.1034	65.3144	211.5109	93.0481
PI601009xPI550567	6.5165	65.3884	63.4795	215.6481	93.0531
PI601009xPI601495	7.2339	66.2124	63.6647	207.8808	93.054
PI601009xPI340867	5.501	65.3582	63.6237	204.981	93.1614
PI601009xPI561695	6.0749	68.0223	64.6107	209.5567	93.1782
PI601009xPI340830	4.5972	63.7525	62.2356	206.2238	93.1935
PI601009xPI601783	7.6899	67.3728	64.6573	202.8449	93.2278
PI601009xPI340813	4.7087	67.0316	65.9253	214.1501	93.2309
PI601009xAmes19003	6.0561	67.1065	65.7268	206.5856	93.3134
PI601009xNSL437947	6.9682	70.636	69.1059	204.5703	93.4627
PI601009xPI607527	5.1125	63.8793	62.5652	210.8529	93.4867
PI601009xPI567793	4.9031	65.6189	64.2555	213.5236	93.6045
PI601009xAmes19284	6.9822	69.4964	67.208	230.3536	93.642
PI601009xPI596502	6.7916	66.7948	64.5014	227.9962	93.657
PI601009xPI601788	7.1837	67.6552	65.986	204.6943	93.7195
PI601009xAmes23430	5.4591	65.4006	63.8586	201.5907	93.7521
PI601009xAmes24712	5.1888	67.1607	65.4654	208.0355	93.7536
PI601009xAmes24708	5.2242	64.7269	63.514	195.0651	93.8448
PI601009xPI553057	5.4585	65.7742	63.8078	214.6373	93.8593
PI601009xAmes28413	7.607	68.7721	66.921	210.5665	93.8732
PI601009xPI597925	6.3527	66.6991	64.3691	210.0559	93.9187
PI601322xAmes24712	6.491	67.93	64.4763	215.8968	93.9254
PI601009xI205	5.4309	66.3975	64.8277	205.3292	94.0347
PI601009xAmes23461	6.645	66.185	64.2167	203.6621	94.0997
PI601009xPI594045	6.1576	67.9274	66.4259	203.6875	94.3259
PI601009xAmes26784	5.2243	66.6325	65.1032	203.3852	94.3492
PI601009xNC262	6.6571	68.3618	66.5076	210.6417	94.361
PI601322xNC262	7.1198	68.7326	64.7598	225.2801	94.3988
PI601009xPI601570	7.6607	65.2854	63.7379	215.4285	94.4378
PI601009xNSL30835	5.8706	65.1266	63.7383	199.645	94.4384
PI601009xPI303936	6.6487	64.9034	63.3425	210.7977	94.4998
PI601009xAmes24737	6.0887	65.4258	64.2548	196.6727	94.5523
PI601009xPI550568	6.8397	66.2825	64.4909	214.2145	94.6052
PI601009xAmes12820	5.4094	67.9894	66.6916	212.0763	94.6883
PI601322xAmes24743	6.7498	66.2828	64.1955	221.4991	94.7045
PI601322xPI553057	-999	67.1262	64.3096	235.8964	94.7048
PI601009xAmes27120	4.9236	68.8635	65.7705	222.5838	94.8434
PI601322xNSL28966	7.1487	67.1846	64.3388	230.5256	94.9109
PI601009xPI415088	5.9026	66.1931	64.3021	199.1861	95.0222
PI601009xN7A	7.0651	67.0518	66.1306	200.9983	95.06
PI601009xNSL438029	6.9321	68.5205	67.3861	214.9705	95.0676
PI601009xPI607383	7.3073	68.3304	66.4723	219.2589	95.0715
PI601009xEP71	5.9066	64.971	63.727	207.2056	95.0786
PI601009xNSL42807	4.8231	65.5657	63.0228	193.8213	95.128
PI601009xNSL438031	6.7623	67.2904	66.6641	218.2221	95.1521
PI601009xEP51	6.167	65.6887	63.5702	205.1593	95.1671
PI601009xAmes19011	5.6966	69.2507	66.5607	222.5423	95.2276
PI601009xAmes24989	7.2933	68.4133	67.119	201.0724	95.2495
PI601009xPI606768	5.6133	67.1738	65.3118	210.4669	95.2871
PI601009xAmes22753	5.8698	66.8173	65.604	204.2785	95.2927
PI601009xNSL197104	6.6368	65.9303	63.7773	206.0389	95.293
PI601009xNSL437908	7.1913	68.0344	66.7739	219.8369	95.3034
PI601009xPI606330	6.8018	68.5815	66.3511	214.0686	95.3502
PI601009xAmes24733	5.9083	65.485	63.5842	214.1665	95.3735
PI601009xAmes22754	6.5041	68.2634	66.9715	201.9093	95.38
PI601009xPI601466	7.5468	67.2255	65.8963	210.5079	95.3801
PI601009xPI221747	6.0366	65.2001	64.0241	207.3662	95.4214
PI601009xPI601501	8.1658	68.0087	66.3363	211.4491	95.4245
PI601009xAmes29003	5.1547	67.1991	65.2868	209.9198	95.426
PI601009xPI520770	5.8553	65.4943	63.5251	206.2125	95.4291
PI601009xAmes30533	4.2162	67.4206	66.1339	209.461	95.5143
PI601009xAmes19001	7.0291	69.4233	66.9842	211.0984	95.5578
PI601322xA682	6.3623	65.9948	63.2881	215.1461	95.7041
PI601322xB115	1.5987	74.6114	69.6065	216.8479	95.7078
PI601009xPI638552	7.0928	67.2051	65.5708	224.8004	95.7587
PI601009xEP42	5.9004	65.0724	63.3577	203.5836	95.7642
PI601009xAmes24727	6.0457	65.8403	64.1191	206.8674	95.7848
PI601009xPI221743	5.8086	67.6084	65.261	210.4288	95.7948
PI601009xNSL29319	6.0429	65.6872	63.8038	202.199	95.8129
PI601009xAmes24709	6.0025	65.5955	63.6006	218.7413	95.8195
PI601009xNC250	4.8939	69.6792	68.7669	203.372	95.8294
PI601009xPI601208	6.3755	67.1058	65.8232	208.6217	95.8571
PI601009xNSL437962	6.7743	68.7781	66.9791	210.4875	95.8713
PI601009xNSL81597	5.5661	66.1253	65.078	215.6194	95.8809
PI601009xEA2841	6.9305	65.1936	63.8548	216.0425	95.9038
PI601009xPI415087	5.5891	65.9562	64.4009	193.1155	95.9434
PI601009xAmes19014	7.2756	67.0836	65.0714	217.3604	95.9578
PI601009xNSL29289	5.6695	64.324	62.1204	211.9758	95.9713
PI601009xPI568159	6.6803	70.5718	68.1969	209.3025	96.0333
PI601322xAmes22750	6.378	68.0182	64.531	224.1553	96.0362
PI601009xNSL30074	6.6501	64.1817	63.0958	209.7815	96.0391
PI601009xPI538007	6.8586	65.623	64.3613	202.3259	96.0457
PI601322xAmes27196	6.3156	67.4573	64.4809	203.5103	96.1367
PI601009xPI596501	6.9427	67.1046	65.75	211.9045	96.1557
PI601009xAmes26769	6.4315	68.2274	66.6828	224.4569	96.1943
PI601009xNSL30053	6.5035	66.962	65.5577	210.7994	96.2033
PI601009xPI415086	5.845	66.544	64.6495	198.0515	96.2136
PI601009xAmes12815	6.7814	68.6641	67.8885	201.1235	96.2208
PI601009xB109	6.9022	67.6282	66.5987	214.1649	96.2336
PI601009xAmes27175	6.8772	67.9351	66.449	216.7161	96.2375
PI601009xPI601209	7.9352	66.0296	63.725	214.8113	96.2524
PI601322xEP32	5.4413	66.5764	64.0425	231.477	96.2627
PI601009xNSL437932	5.8211	70.2088	67.6031	222.5942	96.2727
PI601322xAmes23485	6.3341	64.3832	62.2937	218.1382	96.3012
PI601009xNSL65868	6.4564	67.3836	66.0937	216.6644	96.333
PI601009xNSL437994	6.113	67.8286	65.9044	211.3057	96.3474
PI601009xNSL30863	7.8164	67.7194	65.1408	211.6769	96.3483
PI601009xPI517968	4.9479	66.0635	64.6002	209.6068	96.4209
PI601322xNSL30059	6.073	64.0756	62.2296	220.9493	96.426
PI601322xNSL8585	4.9665	67.0637	63.7451	235.9454	96.4616
PI601322xPI601080	6.1494	65.4927	63.5375	225.4495	96.5219
PI601322xPI550463	5.577	67.4211	64.7749	236.189	96.5518
PI601009xNSL437979	6.8135	68.5152	66.7515	204.2908	96.583
PI601322xAmes19313	6.5219	66.4383	64.2261	206.5919	96.5923
PI601009xH105W	5.6484	67.4501	65.4581	196.4628	96.6977
PI601009xAmes23415	6.2686	65.2975	64.1248	203.9848	96.6982
PI601322xPI538237	5.9526	65.1189	62.6597	217.1057	96.7003
PI601009xPI542776	-999	72.6415	67.1964	198.7536	96.7075
PI601009xAmes24717	5.7011	68.2488	67.0707	201.6812	96.7565
PI601322xA641	5.964	64.8715	62.5486	218.2538	96.7755
PI601009xNSL30873	7.3631	67.2443	65.7253	213.9705	96.791
PI601009xAmes23435	6.7177	67.2975	64.8517	205.0152	96.8196
PI601009xAmes23922	6.0901	65.8454	64.1117	217.6294	96.825
PI601009xPI547086	7.1033	67.5245	65.9865	215.4105	96.8491
PI601009xAmes23460	5.9865	65.1645	63.5245	208.8922	96.8996
PI601322xPI303932	4.8412	66.7399	64.47	221.7867	96.9395
PI601009xAmes23479	6.1721	68.0628	65.765	213.8915	96.9531
PI601009xPI601568	6.5703	68.2233	66.8752	206.6723	96.9592
PI601009xPI267164	7.3382	65.5939	63.6444	210.6098	96.983
PI601009xPI303930	5.0235	66.1245	63.5667	211.2332	97.0646
PI601009xNSL437992	6.1625	67.9648	66.2259	213.6992	97.0791
PI601322xAmes27053	5.9233	70.6001	67.2152	208.607	97.0991
PI601009xPI542957	6.9573	69.7609	67.4713	213.9224	97.1216
PI601009xAmes2332	7.2782	66.5096	64.1993	203.9848	97.1613
PI601009xPI340858	4.7489	66.7656	65.1261	218.3454	97.1861
PI601009xNSL30058	-999	66.0417	64.1753	202.7717	97.2011
PI601009xPI601008	7.3177	68.622	66.7707	209.5201	97.2472
PI601009xMo17	7.5401	68.1095	65.8272	214.6223	97.2525
PI601009xPI638553	6.9118	68.0339	66.4888	217.8593	97.2822
PI601009xPI550464	6.1746	65.9484	63.3327	209.6555	97.2975
PI601322xEP31	4.3949	64.1482	61.3628	218.4878	97.315
PI601009xPI539870	7.1128	67.3773	65.4856	211.7171	97.34
PI601009xDE811	6.1873	68.7132	68.2574	218.1253	97.3654
PI601009xNSL32735	5.3119	65.0125	63.4616	209.4068	97.3717
PI601009xPI186192	5.9785	66.8569	64.9863	206.5678	97.3906
PI601009xNSL438007	6.3891	68.338	66.3351	217.3392	97.4111
PI601009xPI597926	7.4499	66.4777	65.313	221.9309	97.4181
PI601009xAmes23399	5.6936	64.6207	63.4487	224.7966	97.4388
PI601009xB97	7.1862	66.8371	64.6456	216.5291	97.4777
PI601009xAmes26128	6.5088	67.3872	65.2392	223.4655	97.5012
PI601009xPI601725	8.4918	66.7303	64.7601	216.2213	97.5273
PI601009xPI584529	6.5649	66.059	66.2129	207.8929	97.5949
PI601009xNSL30909	6.2207	67.0274	64.8723	204.52	97.6618
PI601009xAmes23493	6.7891	65.9076	64.3296	215.5858	97.682
PI601009xNSL437980	6.6069	68.767	66.8061	215.2152	97.787
PI601009xAmes19004	5.9909	67.5762	66.411	214.3157	97.799
PI601009xPI601502	7.1366	67.8411	66.9776	214.5042	97.8021
PI601009xAmes23423	-999	65.5001	64.924	204.3911	97.8126
PI601009xB46	6.6231	68.5309	66.5346	219.0097	97.8172
PI601009xPI583774	7.9	66.2306	64.4714	214.3339	97.8335
PI601009xPI596506	5.3472	65.5826	63.7909	209.5329	97.8457
PI601009xNSL437909	6.3451	69.0784	66.8274	216.6663	97.8497
PI601009xPI601459	6.3122	66.2099	64.2256	212.367	97.8786
PI601009xAmes2338	5.641	66.1626	63.837	200.0409	98.0328
PI601322xPI606768	6.7787	67.308	64.2162	226.6013	98.04
PI601009xAmes2341	4.6199	70.4718	67.7077	217.4052	98.0477
PI601009xAmes26004	3.7892	68.5174	66.0724	197.6075	98.0498
PI601009xPI583846	7.4871	66.2147	64.0138	219.3655	98.0766
PI601009xAmes24747	5.8612	68.3892	67.4422	204.7769	98.0985
PI601009xPI601229	7.0939	67.8287	66.1016	215.0181	98.1598
PI601009xPI596505	6.5591	66.9909	64.1081	235.4064	98.1861
PI601009xNSL437877	7.7319	69.7726	68.0563	210.2743	98.2198
PI601009xNSL30907	5.7603	67.5856	65.5357	211.5329	98.2246
PI601009xAmes14114	7.3888	68.9964	65.9559	212.6622	98.3003
PI601322xAmes22757	5.2198	66.3003	63.5473	224.9167	98.3561
PI601322xAmes23422	-999	66.2717	63.5388	239.9424	98.3646
PI601009xPI608778	6.6107	67.3324	65.7719	216.5874	98.3861
PI601009xPI601499	7.1986	66.8324	65.6993	209.991	98.4064
PI601322xAmes23467	6.9463	66.9561	63.5759	217.9362	98.4383
PI601009xPI601777	6.3769	68.0433	67.594	221.0777	98.4625
PI601009xPI601269	7.6869	68.0567	65.666	213.4742	98.4707
PI601009xAmes29005	4.6089	69.0771	66.9904	210.6825	98.479
PI601009xNSL29286	6.5243	66.3222	66.1469	189.7395	98.5306
PI601322xPI550507	6.1312	67.6138	64.004	231.6241	98.5528
PI601009xB75	6.4676	67.5376	66.2005	219.7922	98.589
PI601009xPI583847	6.1098	66.5681	65.8027	213.9623	98.5934
PI601009xPI267166	6.8377	68.239	64.5647	214.3787	98.5949
PI601009xPI595367	6.7915	68.6016	66.487	214.2422	98.6035
PI601009xAmes2337	6.1203	65.5508	63.5535	203.2377	98.6325
PI601009xPI606769	6.1883	65.7588	64.4066	211.1993	98.6404
PI601322xPI601808	6.7528	65.3708	64.6381	229.4841	98.7207
PI601009xAmes19326	5.6215	65.328	64.2787	210.349	98.7378
PI601009xNSL437996	6.083	67.7289	66.2104	217.2055	98.7624
PI601009xPI406106	7.8238	66.9949	65.5696	212.9688	98.7881
PI601009xAmes22442	5.0762	65.6591	63.7835	210.4119	98.8171
PI601009xPI303933	6.3097	65.7402	64.0546	202.4665	98.8195
PI601009xNSL437960	5.0826	71.6523	69.3262	186.3814	98.8331
PI601009xPI596356	6.1952	68.0965	66.9492	213.8643	98.8447
PI601009xPI340863	6.0176	66.7097	64.2519	202.3564	98.892
PI601009xPI594077	6.4528	67.6543	64.9624	212.5165	98.9166
PI601009xPI610494	7.0109	68.551	65.8752	214.3157	98.9189
PI601322xPI601190	6.4538	66.2326	63.0948	212.9614	98.9788
PI601009xPI340853	5.2636	66.6447	64.5148	216.9813	99.1036
PI601009xAmes19319	7.1352	68.0866	66.8346	217.393	99.1294
PI601009xPI550491	-999	61.5322	60.6081	229.79	99.1401
PI601009xAmes23475	5.0692	64.7082	63.1799	212.3154	99.1632
PI601009xNSL29898	6.6067	65.1811	63.8674	212.1019	99.2083
PI601009xAmes19016	7.1487	66.8913	65.1015	217.6445	99.2473
PI601009xAmes14116	6.8222	69.1183	66.0133	226.561	99.2635
PI601009xAmes27138	6.289	68.2648	67.29	217.7479	99.2928
PI601322xAmes19318	6.573	67.2251	64.5835	230.3903	99.3022
PI601009xPI406125	5.9004	67.6361	65.1644	215.294	99.3141
PI601009xNSL30063	6.821	66.1098	64.142	214.898	99.3402
PI601009xAmes23464	6.8643	65.6807	64.1775	209.4885	99.4034
PI601009xAmes28366	7.3591	67.2323	66.0358	201.6981	99.4073
PI601009xPI533658	6.2373	68.0277	66.8761	203.0891	99.4264
PI601009xPI641242	7.3063	68.3098	66.165	219.9272	99.4358
PI601009xPI550466	6.8043	67.4491	66.0471	216.7697	99.4423
PI601322xPI550565	5.9779	66.8264	62.9488	224.3602	99.5168
PI601322xAmes26798	6.0593	66.5184	64.2675	223.0365	99.5665
PI601009xPI303932	5.5385	64.5046	63.134	211.0521	99.5719
PI601009xPI524970	6.3954	66.2444	64.9784	212.3732	99.5755
PI601009xPI601576	6.2207	69.1966	67.3025	212.8829	99.5919
PI601009xPI648430	7.0721	68.0667	65.9483	219.8258	99.6103
PI601009xAmes26135	6.2479	69.0274	66.7445	215.2584	99.6595
PI601009xPI632746	7.64	66.0122	63.966	222.0329	99.6763
PI601009xPI601360	6.5523	65.0332	63.5509	204.7377	99.6804
PI601009xAmes27089	6.135	70.3555	69.5058	209.9833	99.6956
PI601009xNSL28967	5.9762	67.2974	64.2852	207.8596	99.733
PI601009xPI601172	8.4517	68.2864	67.6118	219.4684	99.7558
PI601009xEP52	6.8935	66.8131	64.3297	220.3312	99.7657
PI601009xAmes27066	6.1112	67.8664	65.52	217.5604	99.8306
PI601009xNSL29305	7.4884	65.7845	64.041	220.8096	99.8601
PI601009xPI550521	6.4651	68.6786	66.7051	222.1608	99.9371
PI601322xPI601683	6.4936	65.7568	62.9048	222.7406	99.9522
PI601009xEP47	-999	65.9504	63.8747	220.0434	99.9556
PI601322xPI601584	6.3215	65.945	63.7903	224.5152	100.0478
PI601322xPI524969	6.9644	66.4164	63.8296	225.72	100.0736
PI601009xAmes26772	5.8211	67.6157	64.8907	220.1292	100.0773
PI601009xPI533659	5.3587	67.0616	65.2431	201.5667	100.1504
PI601322xPI593460	7.1282	65.782	63.7475	225.1292	100.167
PI601009xPI601500	6.7165	68.4598	66.9772	213.594	100.2246
PI601009xNSL437959	6.3052	67.9155	66.3918	212.855	100.2515
PI601009xAmes15929	5.9993	67.1048	65.0153	210.7121	100.2576
PI601322xAmes24736	6.2202	67.3684	64.1598	230.053	100.2797
PI601009xPI587149	7.2289	66.282	64.4005	225.3509	100.3122
PI601322xPI587151	7.1029	68.2102	65.4115	222.8289	100.3179
PI601009xPI594081	7.1203	67.4773	66.6721	210.92	100.3359
PI601009xNSL30871	6.5136	68.3245	65.6935	213.1799	100.3541
PI601009xPI200191	6.4545	67.5547	65.3125	219.854	100.3592
PI601009xPI601006	6.4511	65.7175	64.2197	205.9977	100.3794
PI601322xPI644101	7.4859	69.2431	67.4473	222.4391	100.3859
PI601322xM14	7.8687	67.8058	65.1864	223.3145	100.3979
PI601009xB68	6.5464	68.8555	68.0006	215.5218	100.4185
PI601009xAmes24746	5.2321	68.5385	67.6322	204.9669	100.432
PI601009xAmes20120	7.2483	66.7899	64.8817	221.1709	100.4796
PI601009xNSL438033	7.1139	66.886	64.9172	217.5558	100.5781
PI601322xNSL437931	6.5425	70.0831	66.2023	215.5481	100.5808
PI601009xNSL81600	6.3122	66.9943	64.9599	209.117	100.5981
PI601009xAmes23456	6.9686	65.5914	64.5899	217.3456	100.6424
PI601009xPI596629	6.2096	69.8449	66.8509	217.987	100.6688
PI601322xPI601493	6.5325	65.2086	62.7006	226.8353	100.6857
PI601009xAmes24729	6.4138	65.8293	63.7561	216.5682	100.6967
PI601009xNSL30872	6.8361	67.3132	64.9658	215.4511	100.7164
PI601009xB57	6.8145	66.9172	65.8457	208.3346	100.7481
PI601009xPI520771	6.1964	67.6738	66.2388	219.9604	100.817
PI601009xPI604605	7.2467	67.5642	65.3007	212.2175	100.8187
PI601009xNSL437983	6.1731	68.4597	66.3591	207.379	100.8352
PI601009xAmes19006	6.6607	69.0014	66.5952	214.5703	100.8612
PI601322xAmes2332	7.584	67.1411	64.4428	217.1467	100.8745
PI601009xPI587151	7.4161	68.9001	66.2904	213.7093	100.9262
PI601009xPI542715	4.3313	69.3327	66.8981	215.5235	101.0079
PI601009xAmes24723	5.3313	64.3838	63.0468	214.162	101.0685
PI601009xPI608777	6.2255	66.2648	64.789	209.8557	101.0714
PI601322xMo47	7.0036	68.2689	65.5507	220.7515	101.0939
PI601009xNSL438023	6.2884	68.7991	67.432	209.1168	101.0966
PI601009xPI340862	5.6449	66.4123	65.2045	210.2994	101.1092
PI601009xB77	7.4154	67.5715	66.5839	225.7189	101.1129
PI601009xPI561565	7.4632	68.1933	66.2105	220.5818	101.1257
PI601009xA679	6.9522	66.3588	65.3117	213.9727	101.1338
PI601009xAmes28935	6.544	72.5396	70.4671	225.6928	101.1357
PI601322xPI538242	5.5319	66.0183	63.6002	229.0263	101.1632
PI601009xPI600751	7.2805	68.0756	65.3209	217.3717	101.1677
PI601009xA632	5.8059	66.7449	65.7904	217.3807	101.1728
PI601009xNSL437903	6.2671	66.8687	64.8056	217.9028	101.1855
PI601322xEP71	5.907	65.9762	63.0147	215.7091	101.2301
PI601009xPI601361	7.671	65.9256	64.581	218.179	101.238
PI601322xPI538011	6.6967	65.7962	64.0766	221.1329	101.2621
PI601322xNSL81595	6.4737	65.3516	64.686	218.3241	101.2834
PI601009xPI527700	7.3365	65.7849	64.0143	229.4785	101.2843
PI601009xNSL34374	7.1058	66.3999	63.8363	223.3217	101.2848
PI601009xNSL437910	6.3992	67.9823	66.9341	217.7871	101.2946
PI601009xPI560075	6.9361	68.3052	66.4361	224.6214	101.2961
PI601009xNSL438009	7.1314	68.2381	66.9793	225.4469	101.3068
PI601009xAmes19328	7.1417	68.9975	66.6791	217.2078	101.3457
PI601009xAmes24735	6.982	66.6685	64.7968	223.6508	101.3466
PI601322xA659	5.9864	66.4628	63.9715	235.9768	101.3467
PI601009xPI564717	6.4963	67.7742	66.3399	208.7375	101.3741
PI601009xAmes27069	6.3637	66.0052	64.1201	216.1935	101.3839
PI601009xEP44	-999	65.5721	63.3289	209.7019	101.4025
PI601009xAmes26751	6.6	68.5175	66.7314	211.8394	101.4161
PI601322xA554	5.9219	65.7511	63.5212	228.1646	101.4245
PI601009xPI596500	6.4674	65.9989	64.6222	212.6493	101.4292
PI601322xPI539926	7.6934	68.0381	66.2124	226.8231	101.4367
PI601009xAmes26779	6.4441	68.9164	66.0598	210.8719	101.5387
PI601322xAmes27120	4.8144	69.2594	65.9268	242.3866	101.6119
PI601009xNSL437934	7.0442	69.8145	68.1674	223.5723	101.6142
PI601009xAmes27065	6.6638	68.2378	66.1369	215.1104	101.6554
PI601009xNSL30895	6.5076	67.1999	65.7563	214.8713	101.6619
PI601322xNSL30058	-999	66.0148	63.5583	225.0963	101.6698
PI601009xNSL32731	7.4038	65.1765	63.5785	215.7749	101.7041
PI601322xPI594063	-999	68.595	66.1112	219.4365	101.7887
PI601322xPI553062	4.9133	67.4833	64.0892	227.5148	101.7939
PI601009xPI198894	5.6984	67.2764	64.6071	222.9713	101.8036
PI601009xNSL242484	7.0259	67.8668	65.8952	222.3949	101.8092
PI601322xAmes19016	6.0184	68.8524	65.345	222.7784	101.8746
PI601009xPI406107	8.0214	68.3521	66.5829	226.3514	101.8986
PI601009xB73	6.7465	67.9124	66.4157	216.8398	101.91
PI601009xAmes27193	7.3071	67.7485	65.7938	221.0201	101.963
PI601009xNSL437893	-999	67.827	65.6938	213.2844	101.9713
PI601322xEA2841	5.3498	69.174	64.1161	220.1058	101.9898
PI601009xPI340839	3.1338	67.9992	66.6553	191.2559	102.0692
PI601009xNSL32734	6.0023	65.8882	64.0427	208.9363	102.096
PI601322xAmes27141	7.1066	70.5798	66.1896	225.6914	102.1022
PI601009xPI601561	7.5704	68.2462	66.8295	215.4549	102.1268
PI601009xNSL437905	5.7964	69.4739	67.877	225.431	102.1904
PI601009xNSL22630	6.1583	67.2469	65.8593	214.6794	102.2397
PI601009xNSL65874	6.1012	66.6628	65.0155	227.6438	102.2611
PI601322xPI538236	5.5541	65.7626	63.1074	219.6505	102.2735
PI601009xPI601489	6.487	67.6357	65.6148	210.9486	102.4223
PI601322xB103	6.2309	66.2127	64.2319	215.8261	102.4358
PI601009xNSL30902	6.229	66.0304	64.5216	212.0044	102.4397
PI601009xAmes2329	5.5857	68.6485	67.7704	212.6247	102.4437
PI601009xPI186228	5.5686	65.3084	63.2041	210.7167	102.4656
PI601009xNSL30890	6.1881	69.2637	66.4825	220.5113	102.4706
PI601009x33-16	6.0197	69.3997	67.5996	218.3001	102.5301
PI601009xAmes26794	6.4189	68.4064	66.9983	234.8912	102.5443
PI601009xB115	6.8624	68.7861	66.2012	222.7097	102.5847
PI601322xAmes23494	6.5435	67.0188	64.6789	248.0029	102.6109
PI601009xPI584528	6.7191	66.9767	64.4222	222.2662	102.6156
PI601322xAmes19326	5.9498	66.9914	64.5726	218.1956	102.6266
PI601009xPI601729	5.2743	68.1634	66.6711	214.8532	102.6538
PI601322xEP52	6.8921	67.7253	65.8883	234.0428	102.6956
PI601009xAmes27133	6.954	72.6793	69.4689	223.7614	102.7203
PI601009xPI568158	5.8614	69.4577	67.158	215.8375	102.7311
PI601009xAmes24720	6.2178	66.0219	64.197	224.1225	102.7754
PI601009xAmes23480	5.8049	67.3178	65.3262	211.87	102.9232
PI601009xEP64	5.8528	66.0267	63.9426	206.9918	102.9484
PI601009xAmes28982	4.2982	65.4298	63.7044	214.6077	102.9802
PI601322xPI601374	6.4746	65.8835	63.6404	223.1407	102.9814
PI601009xPI601791	7.7771	66.2741	64.4999	222.9785	103.0013
PI601009xNC264	7.5751	69.3984	67.2509	206.8353	103.0312
PI601009xCIze82	6.2678	66.7698	64.8335	223.1833	103.0381
PI601009xAmes29008	2.9364	66.9882	65.9881	217.3551	103.0518
PI601009xAmes2335	6.8891	65.6335	64.2073	204.696	103.08
PI601322xH84	7.9068	69.1868	65.9231	231.9435	103.1168
PI601009xPI340860	4.712	67.196	65.4839	214.6328	103.1551
PI601322xEP2008-04	-999	64.9594	61.9591	221.2379	103.1678
PI601009xPI601301	6.5232	68.0074	67.1112	211.9488	103.1938
PI601322xAmes19288	7.5592	66.9959	64.3781	231.6772	103.1941
PI601322xPI538009	7.3194	66.8088	64.895	232.1925	103.2216
PI601009xNSL30896	7.1184	66.2119	64.8093	211.4989	103.2405
PI601322xPI601375	6.553	65.3665	63.2264	224.7349	103.2695
PI601009xAmes26802	6.7565	66.9037	65.5954	209.1596	103.2981
PI601009xNSL437995	6.2363	67.0414	66.2948	222.3393	103.3236
PI601322xPI601789	7.5781	66.1725	64.4599	237.1982	103.3434
PI601009xAmes24750	6.3183	67.7596	65.1516	219.8721	103.3575
PI601009xPI221804	5.9019	66.2939	64.8813	203.4178	103.3627
PI601322xPI601037	7.0319	67.3941	64.6684	230.7493	103.4036
PI601009xPI517971	6.3684	66.4514	63.9637	210.9347	103.4203
PI601009xAmes24710	6.9549	66.5009	64.5602	213.5225	103.549
PI601009xPI601774	8.4099	67.7602	65.8912	217.8426	103.5825
PI601009xAmes26134	6.7377	67.9004	65.3781	224.1437	103.6319
PI601009xPI594075	7.4756	68.1913	66.4252	224.9809	103.6759
PI601009xNSL30046	7.008	67.525	65.2216	220.95	103.6769
PI601009xPI340866	4.5967	66.937	65.1029	212.6419	103.6837
PI601009xEA2024	6.5598	65.8662	63.7935	210.2082	103.6891
PI601322xAmes19014	5.1526	69.0848	64.6808	225.6596	103.7181
PI601009xPI531083	7.1579	68.9631	67.7791	236.1718	103.7263
PI601009xNSL32736	6.6579	65.1136	63.2869	210.3294	103.7581
PI601009xAmes27187	5.815	68.5878	66.7267	230.0697	103.7762
PI601322xAmes26785	6.3712	67.7568	66.0474	232.5211	103.7804
PI601009xAmes23463	6.9692	64.7539	63.3188	210.1728	103.7829
PI601009xPI594076	6.4235	68.642	66.7859	225.3579	103.8303
PI601322xAmes27137	8.9115	68.5012	64.9245	225.2766	103.8445
PI601322xPI601439	6.3086	66.1734	64.7544	239.1434	103.8914
PI601322xPI601610	6.8793	65.9254	64.6558	232.4277	103.8996
PI601009xAmes23424	6.3078	65.0598	62.7373	220.15	103.9008
PI601009xB14A	6.7213	68.0555	66.1963	222.9964	104.0325
PI601009xPI560081	6.5055	68.6994	66.2918	197.4777	104.1034
PI601009xAmes27134	6.7307	70.8864	70.0246	220.7104	104.1207
PI601009xPI587150	6.8541	67.6595	66.3936	216.495	104.1447
PI601009xAmes27167	6.4963	68.5561	67.7586	223.6061	104.1772
PI601322xAmes23477	6.2449	65.3551	63.2538	225.7438	104.2609
PI601009xAmes26801	6.7637	67.4914	66.2979	209.9556	104.302
PI601009xPI597578	7.8964	67.1332	66.1262	217.6051	104.3185
PI601009xPI594080	6.9705	67.9153	65.3833	219.8802	104.3476
PI601009xAmes23409	8.2889	65.784	63.5737	215.052	104.3785
PI601009xPI550546	6.8532	70.2769	68.3423	223.0282	104.4085
PI601009xPI186229	5.8062	66.6923	64.8296	211.1776	104.4349
PI601322xPI601778	6.1017	67.0482	64.5654	235.3826	104.4423
PI601009xNSL437976	6.3177	68.2869	66.7571	214.8433	104.4713
PI601322xI205	6.3087	68.409	65.8782	227.3468	104.5098
PI601009xAmes28932	7.4445	68.5933	67.2593	218.7631	104.5191
PI601009xAmes26120	6.6522	67.2673	65.5088	214.4014	104.5447
PI601322xPI601009	7.0741	66.4374	64.8903	232.3499	104.5748
PI601009xA239	6.1687	66.3902	64.9435	212.3157	104.5886
PI601322xPI601377	6.7655	65.7356	64.0638	224.8154	104.6397
PI601322xNSL30053	5.5529	69.4007	65.3537	224.189	104.6741
PI601322xAmes23465	7.0417	67.1389	64.575	231.5708	104.6769
PI601009xB79	6.7877	68.2758	67.1608	204.942	104.7185
PI601009xPI594049	6.3568	66.5342	65.3371	223.0837	104.7253
PI601009xNSL30901	6.3549	68.6388	67.2409	217.633	104.7323
PI601322xPI594084	-999	67.8962	65.9334	214.6996	104.7425
PI601009xPI601322	7.2084	66.9627	65.322	233.8549	104.7475
PI601009xAmes26803	7.3121	67.5681	65.3892	213.6249	104.7792
PI601009xNSL30898	6.8594	69.5302	66.8978	232.1096	104.8298
PI601009xPI572413	6.6046	67.6672	66.5999	225.8629	104.918
PI601009xPI506413	6.0703	65.985	63.9405	212.0778	104.9508
PI601009xPI198895	7.2957	66.7236	64.9118	214.6747	104.9518
PI601009xPI592734	6.3953	68.0709	66.5945	209.248	104.9614
PI601009xPI340856	4.7795	67.8728	66.0838	201.7579	104.9896
PI601009xPI601470	6.803	71.1111	68.7068	217.2565	105.0407
PI601009xAmes27160	6.0722	67.7865	66.9883	220.3537	105.0788
PI601009xNSL30071	5.8978	66.0665	64.0101	224.3638	105.1127
PI601009xPI639939	7.0284	68.5775	67.5071	219.6132	105.1149
PI601322xPI604606	6.8857	68.9192	64.5506	229.7419	105.1785
PI601009xNSL437935	7.1415	69.0519	67.2066	227.1038	105.2397
PI601009xAmes20137	6.1967	68.3853	66.8197	242.9159	105.2494
PI601009xPI221811	6.4107	66.9032	65.5357	214.8526	105.3465
PI601009xAmes27097	7.0856	69.1269	66.5906	222.0088	105.3794
PI601009xNSL42872	6.4516	64.1191	62.7486	212.0295	105.4157
PI601009xPI601612	6.7905	66.7369	65.0797	221.756	105.4167
PI601009xAmes28425	6.3892	69.3433	67.5082	225.8686	105.4227
PI601322xAmes12824	6.1205	67.0161	65.0388	230.5182	105.4258
PI601322xPI601007	6.5598	66.2001	64.5581	223.0335	105.4305
PI601009xAmes14115	7.4455	67.1746	65.7449	215.6978	105.4347
PI601322xPI594088	6.7822	67.6075	65.8081	227.9616	105.4626
PI601009xAmes27178	7.209	68.5665	67.7507	220.0187	105.4698
PI601009xNSL437930	7.0684	67.5907	66.2264	217.3252	105.4845
PI601322xPI601775	6.6479	66.5607	64.5552	231.7495	105.5536
PI601009xNSL30067	6.3534	67.2692	64.9401	218.6697	105.6405
PI601009xAmes19008	7.2435	68.5964	66.3984	223.7795	105.7174
PI601009xAmes23457	6.1349	67.38	64.7033	235.5523	105.7586
PI601009xPI638551	7.3417	67.6832	66.4487	216.5413	105.7665
PI601009xPI600955	7.1068	67.63	66.2008	214.5898	105.8308
PI601009xPI553063	5.9007	66.5985	64.4905	231.7267	105.8497
PI601322xPI592741	7.2356	69.4127	67.4475	221.726	105.8813
PI601322xPI340862	4.859	67.6387	64.5585	213.0094	105.9033
PI601009xPI600956	6.666	67.5697	66.7355	214.588	105.9147
PI601009xPI607523	7.001	67.4304	65.3926	212.137	105.9973
PI601009xAmes26747	6.2064	67.5745	65.4986	200.8535	106.0212
PI601009xPI601171	6.9553	67.1632	66.0067	222.0321	106.0607
PI601009xPI601079	7.2564	68.1461	67.6235	229.7202	106.0767
PI601009xPI506246	-999	71.0903	70.2937	207.8475	106.1129
PI601009xNSL30879	5.7882	69.1579	67.5291	228.8288	106.1585
PI601009xA680	6.692	67.9871	66.2852	224.5602	106.1616
PI601009xPI648432	7.6172	67.7551	65.398	221.2567	106.1915
PI601009xPI601686	7.1569	68.4523	66.3921	211.3172	106.301
PI601009xAmes26138	6.5266	68.5609	66.4688	208.9383	106.3204
PI601322xPI601300	7.3139	64.9976	63.7394	237.8925	106.3486
PI601322xCIze40	6.144	67.957	65.4837	242.7777	106.3606
PI601322xA635	6.1736	66.4983	63.8095	220.4553	106.3634
PI601009xPI560074	7.3235	67.3884	66.6058	221.7537	106.3769
PI601322xAmes27066	5.8642	67.9365	65.2231	230.8719	106.4026
PI601322xPI594091	8.9229	68.2006	66.3898	236.5463	106.4216
PI601322xPI553055	-999	65.6476	64.0051	235.7419	106.4728
PI601009xPI340847	4.7754	67.1142	65.3024	218.2065	106.508
PI601009xPI267165	5.0324	65.6957	63.6444	228.1047	106.5355
PI601322xAmes23428	6.144	66.7611	64.1362	228.5206	106.6035
PI601009xNSL437920	7.5982	69.0121	66.3853	222.1749	106.7306
PI601009xAmes12822	5.8364	67.3378	66.986	210.4538	106.7564
PI601009xPI186188	6.1723	66.9305	64.4802	221.2348	106.8129
PI601009xNSL30908	5.9143	68.1868	66.6131	210.6496	106.8533
PI601009xAmes27177	7.2259	70.4033	68.413	235.0146	106.926
PI601009xMo18W	7.0025	72.7757	69.8937	224.5829	106.9304
PI601009xAmes23474	6.2168	65.1704	63.8712	209.8754	107.0277
PI601009xPI550503	-999	66.1454	63.0432	222.3108	107.0353
PI601322xEP42	5.6424	63.9006	62.1235	216.6818	107.1075
PI601322xPI594087	6.8097	67.6564	65.7225	235.0973	107.1452
PI601322xPI594082	6.9571	67.9735	65.9094	231.8367	107.1503
PI601009xNSL437923	7.5467	68.1408	65.6762	218.9349	107.2277
PI601009xPI540745	7.0145	72.6866	68.9072	239.1063	107.2891
PI601322xN192	6.886	65.5559	64.1125	228.2553	107.3187
PI601009xAmes26748	6.5586	67.3772	65.9677	222.5334	107.4266
PI601322xPI340857	5.4327	66.3257	63.9793	225.6906	107.4301
PI601322xPI539924	6.5531	66.8028	64.3718	233.0036	107.4357
PI601322xPI587150	5.5753	68.1781	66.1426	232.6109	107.4572
PI601009xPI601440	7.0725	67.9359	66.5173	227.2809	107.5637
PI601009xAmes23413	6.6642	65.9365	64.9379	211.7843	107.6015
PI601009xAmes27185	7.2222	68.1386	66.3127	227.9709	107.7002
PI601322xPI638551	7.0605	68.8995	66.6634	231.6927	107.7841
PI601322xNSL437908	6.6976	71.1014	67.9971	232.8039	107.7917
PI601322xPI538239	5.6449	66.0348	63.7399	226.0074	107.7918
PI601009xPI553060	3.3939	65.9135	63.7236	216.0073	107.799
PI601009xAmes29023	4.7196	67.8932	66.4848	218.5495	107.8114
PI601009xAmes19323	6.7087	70.1733	68.2869	222.2417	107.8224
PI601009xNSL22983	6.5977	68.0157	65.5497	234.1427	107.8967
PI601322xAmes19284	-999	72.0989	67.4231	232.155	107.9045
PI601322xAmes26803	6.8089	69.7071	65.7067	226.7529	107.9115
PI601322xPI550503	6.7953	66.9196	63.6193	221.3596	107.9409
PI601322xPI596506	5.3366	66.1674	64.0596	237.5774	107.9526
PI601322xAmes27138	7.4437	69.0793	66.8682	225.5545	107.953
PI601009xOh603	5.9547	68.0029	66.4406	225.8787	107.9583
PI601009xAmes29030	5.7902	66.0246	64.4405	222.7094	108.0221
PI601322xPI594050	7.1233	67.6316	65.0496	232.5888	108.1307
PI601322xMo17	6.4169	68.4726	64.6941	226.5089	108.1422
PI601009xNSL67792	6.5729	69.0298	66.6205	222.7804	108.1807
PI601009xAmes24705	6.2451	66.6645	64.4363	218.9804	108.1992
PI601009xPI550517	7.4344	69.447	68.0215	233.8644	108.2207
PI601322xPI601572	6.6152	67.487	65.5765	232.2247	108.2598
PI601322xPI607525	5.9906	65.2133	63.4942	222.2358	108.2955
PI601009x38-11	5.2679	70.4066	68.7998	223.3169	108.3182
PI601322xPI600954	7.6559	67.2342	65.0656	237.8081	108.3552
PI601322xPI601784	7.8197	67.0226	64.701	237.8648	108.3733
PI601009xAmes24713	5.9001	66.5688	64.433	220.727	108.5032
PI601009xNSL65872	6.37	66.5067	64.6732	232.4074	108.5966
PI601322xEP76	6.3417	66.6931	64.6359	234.891	108.6312
PI601322xNSL30903	6.1783	68.6081	64.9475	225.3604	108.6313
PI601322xNSL81596	5.6513	68.1082	64.7098	226.4774	108.6672
PI601009xPI340861	5.031	69.5371	66.0057	218.4194	108.7144
PI601009xPI531082	6.6963	65.1781	64.3509	217.5131	108.7826
PI601322xAmes23504	6.9504	66.2278	63.8895	232.1548	108.8121
PI601322xPI607527	4.8415	65.1629	63.0448	233.587	108.8152
PI601322xAmes27051	6.7736	68.7223	65.1771	216.7651	108.86
PI601009xAmes2331	6.3603	64.5285	62.9317	210.1099	108.9084
PI601322xPI600772	6.633	67.2084	64.795	229.081	108.9261
PI601322xPI601575	8.025	68.227	65.9375	229.1471	108.941
PI601322xAmes26758	7.0824	68.7173	65.1078	236.977	108.9492
PI601009xAmes24749	5.3789	69.8636	66.1732	224.0639	108.9532
PI601322xAmes23410	6.5848	67.9102	64.578	234.3705	109.0205
PI601322xNSL22635	6.9225	69.1097	65.7417	236.1142	109.1046
PI601322xPI340853	5.3741	68.4871	63.9402	227.4288	109.1106
PI601322xPI601745	6.5849	67.8558	65.4988	218.632	109.1547
PI601322xPI594070	7.2513	67.7206	65.1354	244.3704	109.2044
PI601322xPI340858	4.6882	68.2775	66.1731	246.9387	109.2074
PI601322xPI594052	7.3986	68.2865	65.5729	238.1845	109.2173
PI601322xPI601159	6.6136	68.5164	65.6122	229.0092	109.2716
PI601322xNSL30883	5.7908	68.0194	65.5924	223.6438	109.2968
PI601322xNSL437907	7.1088	66.9271	65.1552	236.4622	109.3782
PI601322xPI509542	7.217	70.1749	66.4758	236.1005	109.3936
PI601009xPI559918	6.1148	68.1216	65.987	217.3056	109.398
PI601322xNSL65874	6.4915	68.7267	65.6745	237.6007	109.4184
PI601009xNSL437967	7.35	67.787	65.9041	221.5866	109.4297
PI601322xNSL437903	6.4703	67.4245	64.7059	226.4031	109.4311
PI601009xAmes27079	7.133	71.4404	69.0572	219.193	109.5348
PI601009xAmes27151	6.1898	67.0808	66.2574	225.9475	109.5643
PI601322xAmes27184	6.7528	66.5826	64.7845	233.7485	109.5903
PI601322xEP72	5.2453	69.2251	65.988	226.4675	109.5984
PI601322xPI601004	8.0352	67.8499	65.977	232.0951	109.6066
PI601322xMo46	6.4926	69.1506	65.9445	233.1196	109.6654
PI601009xAmes26780	6.8447	67.6212	65.623	223.0922	109.7631
PI601009xAmes27096	6.7326	71.8357	70.8604	228.9796	109.8007
PI601322xAmes24751	6.6232	66.998	64.7155	232.5223	109.8117
PI601322xAmes27118	3.924	66.4688	63.7236	246.2473	109.8429
PI601322xAmes19283	7.1784	67.8764	66.2086	239.2861	109.8717
PI601322xNSL438007	6.6219	68.8691	66.4744	236.1352	109.8898
PI601009xNSL29317	5.9314	68.5966	66.7448	211.5495	109.9213
PI601322xPI601402	5.8384	66.6738	63.7431	239.7521	109.944
PI601322xPI340813	5.9444	67.7479	65.6318	224.598	109.9718
PI601322xPI539927	7.2429	67.4371	65.8693	224.8919	109.9937
PI601322xPI594056	6.7307	67.8353	64.814	241.398	109.9957
PI601322xB57	6.8336	69.613	65.671	225.414	110.0579
PI601009xPI221820	5.2243	68.4942	66.1911	238.3871	110.1039
PI601009xAmes29027	5.083	67.2083	66.4011	206.3607	110.1115
PI601322xEP65	7.0771	66.9862	63.9832	216.7711	110.1628
PI601322xEP44	5.6448	67.7619	65.1802	215.6059	110.1862
PI601322xB105	4.9464	68.8786	66.5358	247.4757	110.2099
PI601322xPI634215	6.77	67.941	65.7726	230.2493	110.2996
PI601009xNSL67798	6.7069	69.1459	67.1909	233.936	110.3156
PI601009xAmes26793	6.3091	68.7457	67.0689	225.7348	110.3239
PI601322xA634	7.0962	67.3202	65.2986	229.7056	110.3259
PI601009xAmes28938	8.3216	69.5044	66.9516	225.1703	110.3518
PI601009xAmes26129	6.032	68.7031	66.0826	234.6823	110.388
PI601009xAmes27083	6.7626	70.5871	68.7651	229.2901	110.4673
PI601009xMo45	6.7262	67.8866	66.4572	225.7058	110.4689
PI601009xNSL75979	5.0183	68.3297	66.5012	230.1417	110.4751
PI601009xCIze45	7.0944	68.2773	66.5364	226.1259	110.4914
PI601009xPI406128	6.2146	68.5569	65.9003	226.5373	110.5106
PI601322xPI600958	6.4025	66.6929	65.0581	239.1045	110.5269
PI601322xAmes23466	6.8279	66.4391	64.3813	230.4764	110.5359
PI601009xPI633840	6.8896	68.4764	66.7303	221.8343	110.5397
PI601009xPI550522	6.6617	71.0508	67.8146	237.0354	110.5402
PI601009xAmes26132	7.06	68.6123	66.288	226.5377	110.5584
PI601009xPI592735	6.6283	68.8323	66.5751	228.767	110.6004
PI601322xAmes28360	7.2131	68.9857	65.9778	238.0322	110.6206
PI601322xPI601790	6.8251	65.8587	64.2889	240.0127	110.6386
PI601009xAmes27130	6.1178	72.5587	70.3102	221.1755	110.7461
PI601009xNSL29284	6.6703	68.0123	66.0175	214.5991	110.7476
PI601322xPI601171	7.484	67.4196	64.9566	232.9892	110.7726
PI601322xAmes12815	7.0467	68.5884	65.9456	222.8941	110.7974
PI601322xPI601564	7.2254	70.5085	67.7524	228.5676	110.85
PI601322xH105W	6.319	67.3855	65.1056	225.9082	110.9381
PI601322xPI594089	7.1012	67.3903	65.3314	233.137	110.9569
PI601322xB104	7.4967	68.9904	65.773	234.4607	110.9965
PI601322xPI596499	5.8192	67.8989	63.8547	252.9278	110.9984
PI601322xPI601583	6.9322	65.4102	63.519	227.2022	111.003
PI601009xPI542716	5.6999	68.8267	66.2744	220.9185	111.0287
PI601009xNSL437925	7.2462	69.3843	66.7506	227.6829	111.069
PI601009xPI303939	6.0563	66.5572	63.807	218.396	111.106
PI601322xAmes26022	6.1021	68.6517	66.2518	234.6806	111.1259
PI601322xNSL438031	6.1975	67.6779	65.8119	236.6893	111.1304
PI601322xPI594085	6.4984	68.3293	66.6486	238.0435	111.2735
PI601322xPI594074	6.2053	67.8266	64.9515	230.7488	111.2755
PI601009xPI506247	7.7758	71.0787	69.2296	246.955	111.2806
PI601322xAmes19293	6.1286	68.8329	66.2155	235.1155	111.2832
PI601009xAmes19327	6.4842	71.1511	68.765	230.8944	111.2918
PI601322xPI601150	6.1797	66.4454	64.7658	228.2357	111.3068
PI601322xB46	7.0241	69.0337	66.0961	237.715	111.3122
PI601322xA679	7.2386	66.0733	64.1744	233.9114	111.3369
PI601322xPI340868	4.468	67.2879	64.3535	213.8026	111.3476
PI601322xNSL438023	5.3828	70.9548	67.7732	226.9974	111.4503
PI601322xAmes27450	6.0351	66.6713	64.5098	233.5478	111.492
PI601322xPI594059	6.3734	69.1306	66.0177	230.3872	111.5942
PI601009xAmes26753	5.2748	67.0794	64.7739	226.2035	111.6016
PI601322xNSL42875	6.4691	66.5167	64.0173	236.2583	111.6337
PI601009xPI550534	6.6149	71.51	68.9123	229.5263	111.6607
PI601322xNSL438009	7.0461	69.7216	67.1942	238.3763	111.6773
PI601009xPI641226	6.9243	69.9563	67.5196	225.9858	111.6925
PI601322xAmes26756	5.359	68.1202	64.7009	233.0499	111.7129
PI601009xPI561533	6.7293	68.2123	65.6449	227.6504	111.7256
PI601009xAmes27124	5.9344	74.1836	70.3786	217.1562	111.734
PI601009xPI595569	3.8424	70.9307	69.4731	232.2541	111.856
PI601322xAmes27089	7.1653	70.9179	68.9775	227.0316	111.9063
PI601009xCML247	6.4505	74.884	72.2574	226.6934	111.9419
PI601322xPI648424	6.1201	67.8046	64.943	240.9507	111.9507
PI601009xPI634214	7.0002	67.6824	65.9208	232.515	111.9627
PI601322xPI601172	7.3879	69.5724	67.9755	242.7104	112.048
PI601322xB75	6.3516	68.9527	65.5768	238.237	112.0641
PI601009xAmes14113	5.8782	70.724	68.1952	233.5761	112.0641
PI601322xPI594055	7.4187	68.8714	65.6684	242.8777	112.1218
PI601322xAmes27069	5.9512	67.4395	64.1137	232.8482	112.2213
PI601009xAmes24740	6.3449	68.8252	67.3462	221.6827	112.2869
PI601322xPI596501	6.3516	67.1433	65.0782	217.662	112.4458
PI601322xEP10	4.8503	66.7483	64.0401	230.7057	112.4459
PI601009xPI506253	6.6906	71.356	69.7935	221.4486	112.4686
PI601322xPI539922	7.1233	67.9228	65.5784	236.3883	112.4964
PI601009xEP2008-03	5.9208	66.6566	63.6973	218.7517	112.5101
PI601322xNSL30878	6.4558	68.9443	65.9723	234.2661	112.5119
PI601322xAmes22753	7.164	67.2335	64.8966	235.9004	112.5803
PI601322xPI600957	6.2581	66.1776	64.826	229.2809	112.5969
PI601009xPI257517	5.6587	66.4469	64.436	208.03	112.678
PI601322xNSL30072	5.7379	65.838	64.6687	232.9225	112.6918
PI601322xAmes27178	6.6804	67.6746	65.7764	231.1163	112.8382
PI601009xNSL30064	6.836	66.9886	65.0435	224.0114	112.8826
PI601322xB14A	6.329	70.0993	67.3069	235.9543	112.9213
PI601322xMp339	-999	74.8587	70.7679	230.7696	112.9562
PI601322xPI200191	5.4219	68.4045	64.788	227.3685	113.0469
PI601009xAmes27112	7.8848	70.8095	68.3886	229.2109	113.0488
PI601009xPI340812	4.8846	65.8051	63.9942	222.3161	113.1753
PI601322xAmes12820	6.473	68.662	66.5718	230.1459	113.1957
PI601322xPI340860	4.8319	68.1742	65.3711	224.6551	113.2144
PI601322xAmes23426	6.2897	64.6303	62.7175	223.7931	113.2294
PI601322xAmes19000	7.1961	68.4216	65.7466	234.2328	113.2645
PI601322xPI601468	7.6336	68.4261	66.2914	238.366	113.2981
PI601322xAmes23471	7.2587	68.5805	66.2533	231.8227	113.3132
PI601322xMo18W	-999	75.5702	70.0952	236.1473	113.3298
PI601322xNSL437983	5.9188	71.312	67.1602	226.9558	113.407
PI601322xPI606330	8.0448	70.004	66.2128	247.9473	113.4122
PI601009xPI601685	6.7285	69.0522	67.8302	231.2171	113.4154
PI601009xAmes26797	8.3857	69.1493	67.2551	219.9012	113.4257
PI601322xPI537097	7.2593	70.2379	67.8799	230.4032	113.447
PI601322xAmes2341	5.7608	68.9642	66.3988	249.9524	113.5166
PI601322xPI641229	5.6284	67.8477	65.3745	240.4707	113.5172
PI601009xPI550518	6.4779	68.8922	67.079	231.1694	113.522
PI601322xAmes27082	7.1151	72.1161	69.0792	244.5194	113.5417
PI601322xAmes26744	6.3464	68.5504	65.7197	228.8008	113.5841
PI601009xPI596627	6.4304	71.5032	68.9937	229.157	113.6233
PI601322xPI634213	7.4092	67.1481	65.2742	229.9245	113.6532
PI601322xAmes27175	7.6551	68.6012	66.722	230.625	113.7008
PI601322xAmes22754	7.21	68.9686	66.3862	226.9583	113.7384
PI601322xPI583847	6.7507	67.6371	65.6232	246.7983	113.7745
PI601009xPI596499	5.8019	66.0039	63.7793	227.8817	113.7788
PI601009xPI593010	6.3915	71.3931	68.6232	223.0791	113.8342
PI601322xNSL437979	7.7183	69.5024	66.4726	225.1199	113.8416
PI601322xAmes19319	7.7126	69.8254	67.201	229.8259	113.8473
PI601322xAmes23407	5.2425	69.1341	66.0407	234.0288	113.8498
PI601322xPI601378	7.1236	65.5147	63.8464	235.2357	113.8818
PI601322xEP2008-05	6.2924	65.4218	62.4374	231.9725	114.0011
PI601009xPI550547	6.7361	71.2524	68.9188	222.3438	114.0029
PI601322xNSL438029	6.9602	69.9425	66.5394	239.9056	114.0123
PI601322xAmes27112	8.6245	72.4381	67.8763	232.7313	114.0445
PI601009xNSL29316	6.8735	69.112	66.4509	222.308	114.0592
PI601322xPI601565	6.9079	65.5467	63.7396	225.9955	114.1028
PI601322xNC264	8.343	70.3888	66.9758	230.4115	114.1114
PI601322xAmes28422	7.5006	67.4977	65.8729	238.3997	114.1561
PI601322xAmes19019	6.359	68.283	65.8457	240.6845	114.1786
PI601322xPI595366	7.8572	68.3906	66.1295	231.7108	114.186
PI601322xPI601559	7.0374	68.1787	66.2345	237.693	114.2005
PI601322xNSL437962	6.6907	70.3571	66.8476	227.1043	114.3097
PI601009xNSL42804	5.6739	66.1734	64.9841	231.1261	114.3101
PI601322xEA2024	6.5137	66.8663	63.9323	221.9211	114.382
PI601322xPI594071	6.9389	68.3196	64.9792	251.4426	114.7484
PI601322xNSL65866	7.5594	68.6719	66.3023	241.6871	114.7698
PI601322xAmes27079	10.0196	71.308	68.4183	233.1129	114.8003
PI601009xPI553056	4.8465	67.0414	65.0211	240.8591	114.823
PI601322xPI648425	6.6141	67.3183	65.1756	235.0421	114.9301
PI601009xPI641254	5.7952	67.3874	65.884	238.302	114.943
PI601322xAmes22751	6.6595	67.4253	65.2598	218.8491	115.0663
PI601322xNC250	6.8344	68.2901	66.4548	241.7299	115.0781
PI601009xPI198892	4.5914	65.1375	63.4624	220.6462	115.1645
PI601322xNSL437939	6.4026	69.5954	67.0106	239.6807	115.168
PI601009xPI200194	6.0312	67.7019	65.1783	228.4911	115.2128
PI601322xPI340866	5.0859	67.6426	64.9057	224.726	115.2409
PI601322xAmes24730	-999	65.1131	63.596	236.4119	115.2466
PI601322xAmes26769	5.8446	71.3496	66.8893	240.4292	115.3175
PI601322xAmes26794	6.8379	70.656	67.6463	254.8033	115.3584
PI601322xEP2008-03	5.4353	67.8944	64.336	232.7926	115.3889
PI601322xDE811	7.0492	68.4778	66.7746	238.7894	115.4053
PI601322xPI601442	7.5568	67.5496	65.89	242.0751	115.4126
PI601322xPI648423	6.4754	66.7044	64.3488	236.615	115.4377
PI601322xPI594051	6.3368	69.5451	67.0361	251.9244	115.5405
PI601322xAmes27123	7.6026	71.7146	68.1086	230.5443	115.5454
PI601322xAmes28935	4.7231	73.3383	69.8047	236.5941	115.5616
PI601322xNSL437877	7.8233	73.1675	68.1821	238.7739	115.5851
PI601322xNSL437934	6.386	70.2393	67.6635	239.7822	115.6237
PI601322xPI601573	6.9345	68.4463	66.275	239.2976	115.6267
PI601009xPI221741	5.6312	68.5543	66.6361	205.1025	115.7269
PI601322xPI594090	6.726	67.7486	65.4051	236.8817	115.9105
PI601009xNSL28965	6.4829	66.0688	64.7127	228.0514	115.9873
PI601322xB79	6.6389	68.3042	65.5648	238.5011	115.9918
PI601009xAmes27088	7.8377	73.5822	70.7823	225.6867	116.0223
PI601322xPI594066	8.3078	67.9666	65.864	239.1039	116.026
PI601322xNSL438022	6.9317	68.2091	66.6961	236.6465	116.0394
PI601322xAmes26021	5.6812	69.8926	66.6531	225.5808	116.0496
PI601322xAmes23427	5.4888	66.5309	63.9764	236.8834	116.0781
PI601009xCML277	6.3086	75.6344	69.5575	241.5627	116.1348
PI601322xPI547088	7.2452	67.1423	65.6729	241.0675	116.1443
PI601322xPI601211	7.0821	67.0158	64.9189	231.3226	116.1621
PI601322xPI638550	7.5049	68.8096	66.2018	239.3227	116.2025
PI601322xNSL437932	7.1349	69.5988	65.5182	234.1257	116.2282
PI601009xPI540747	6.8802	70.9845	69.3631	233.983	116.288
PI601009xAmes27171	7.7143	70.8689	68.4112	241.4005	116.3781
PI601322xNSL437935	7.2291	67.9567	66.7477	233.9414	116.3906
PI601322xPI537099	6.146	66.0838	64.6571	228.3509	116.4175
PI601322xAmes12818	6.4155	70.0937	66.2803	251.8283	116.4301
PI601322xPI601780	6.4518	66.8324	64.4574	244.8288	116.4847
PI601322xNSL437980	7.5655	68.8557	65.9958	230.1203	116.5814
PI601322xOh603	6.4804	69.3585	66.3961	234.2875	116.6478
PI601322xB77	6.6866	69.2635	65.993	233.6968	116.6847
PI601322xPI601612	6.7555	67.4268	64.972	233.5901	116.6962
PI601009xPI303940	6.3332	66.282	64.4269	215.425	116.7285
PI601322xNSL243016	6.8084	67.235	64.8646	236.205	116.7408
PI601009xAmes29025	5.7111	67.5609	66.2065	226.9498	116.8012
PI601322xPI601491	6.6183	66.7432	64.7804	238.2814	116.8285
PI601322xNSL437909	6.7973	68.4424	65.909	242.5097	116.9908
PI601322xAmes27096	7.4485	70.1972	67.7479	245.548	116.9959
PI601322xN7A	9.1137	67.7002	65.8722	226.3918	117.0198
PI601322xNSL30874	6.2992	68.8426	65.7999	240.4681	117.0406
PI601322xAmes26786	6.1149	68.3206	65.5703	237.7016	117.1101
PI601322xNSL438033	7.4003	66.9264	64.7586	238.784	117.1256
PI601322xPI511310	6.7971	67.9585	67.1094	237.4716	117.1612
PI601322xNSL437905	5.8501	68.9954	66.8183	250.8527	117.1835
PI601322xPI340847	6.0861	69.079	64.9483	229.8563	117.1878
PI601322xPI539923	7.7603	69.8784	67.9925	247.823	117.2026
PI601322xNSL30060	6.207	68.2803	65.133	248.7366	117.274
PI601322xAmes27142	8.0443	68.6488	65.7089	240.9514	117.4857
PI601322xA239	6.4943	66.9435	65.4565	235.6042	117.5067
PI601322xPI550527	6.6682	68.6932	66.2471	238.6924	117.5108
PI601009xPI633727	7.2905	70.8672	69.3815	226.1676	117.5658
PI601322x4226	5.507	66.996	64.6314	236.3217	117.594
PI601322xPI594065	7.1818	67.9956	65.3462	233.2818	117.6071
PI601322xPI538229	6.0637	66.7299	65.4484	236.8151	117.6776
PI601322xPI596627	7.9363	67.8353	65.9553	234.1598	117.7233
PI601322xPI601492	7.0159	66.3547	64.1054	237.8428	117.7361
PI601322xPI638549	6.6594	68.8262	66.1015	238.1295	117.7414
PI601322x33-16	6.7108	69.7816	67.1245	241.0573	117.7784
PI601322xPI600755	6.5362	68.312	66.6239	235.1648	117.9054
PI601322xNSL30865	7.2581	68.1562	65.7352	244.7005	117.9646
PI601322xNSL437920	6.6015	69.3075	66.4378	234.055	118.1194
PI601322xPI600729	6.5063	68.3468	65.9187	241.4939	118.1361
PI601009xPI553059	4.6033	69.5835	64.9681	234.7117	118.1483
PI601322xB97	7.1738	67.7313	65.0815	238.8506	118.1574
PI601322xPI587149	6.4964	66.9938	64.5548	250.9729	118.1875
PI601322xA680	7.3135	67.0936	65.8474	245.2256	118.2476
PI601322xPI340856	4.5251	68.5447	65.19	224.1062	118.3384
PI601322xMo45	6.2847	69.1718	66.6671	236.1824	118.3539
PI601009xNSL75980	4.977	68.068	65.5148	213.3242	118.604
PI601322xPI511311	7.2496	68.1464	66.3831	242.2562	118.6254
PI601322xPI594069	7.3146	67.9187	65.256	247.4904	118.6727
PI601009xNSL30885	7.1426	68.4603	66.3003	234.8141	118.7366
PI601322xB76	6.1414	67.3377	66.2566	235.8149	118.7839
PI601322xNSL437925	6.772	69.8463	66.6414	240.8593	118.7981
PI601322xAmes28421	7.5465	68.1004	66.1533	243.6939	118.8546
PI601322xNSL437976	5.9253	69.3743	66.6651	230.7118	118.9521
PI601009xAmes26754	6.3828	69.6162	66.7493	239.0173	118.9726
PI601009xAmes26776	6.5507	68.2323	66.8008	223.3806	118.9875
PI601322xPI594068	6.5497	69.1128	67.0669	245.3439	118.9902
PI601322xAmes25374	7.0562	69.9584	67.0598	249.713	119.0855
PI601322xAmes27150	7.0348	68.4724	66.5669	244.5342	119.0953
PI601322xNSL437947	7.2286	72.3301	69.7886	236.1221	119.16
PI601322xAmes26743	5.2693	69.5331	66.8123	234.4865	119.4151
PI601322xNSL30066	5.9069	66.9392	64.26	236.6361	119.4325
PI601322xPI601026	7.1237	67.1387	65.1001	241.8335	119.4406
PI601322xAmes27160	7.501	67.9567	66.1456	237.0302	119.4483
PI601009xNSL22984	6.1162	67.9943	66.1322	229.1812	119.4991
PI601322xAmes27097	7.3558	69.4386	66.8038	228.1342	119.6069
PI601322xAmes24989	8.3339	69.903	66.5518	240.7535	119.646
PI601322xPI596500	6.0178	67.6988	65.3614	233.0732	119.6463
PI601322xAmes26138	5.7287	68.8911	65.9956	240.7924	119.7402
PI601322xAmes15929	6.7602	69.9744	67.1362	233.618	119.7965
PI601322xAmes27177	6.7358	70.9465	67.6054	251.0605	119.9055
PI601322xAmes28418	7.3848	68.2966	66.61	251.9364	119.9981
PI601322xNSL30894	-999	67.5228	64.7555	251.3164	120.0443
PI601322xAmes27167	7.0489	68.9726	66.4337	231.8275	120.0868
PI601322xPI539872	6.2064	69.0536	66.4677	251.2303	120.1242
PI601322xAmes19328	6.1463	71.6256	66.8365	241.2763	120.1274
PI601322xAmes23419	6.7868	65.6011	63.9775	238.8507	120.2308
PI601322xPI594058	7.1859	67.9244	66.4707	257.2143	120.3877
PI601009xPI186219	6.6824	66.1064	64.5536	225.4423	120.4464
PI601322xAmes25372	6.3583	70.447	67.5195	248.1187	120.4551
PI601009xEP2008-05	-999	66.0551	63.7294	226.1051	120.471
PI601322xAmes19323	7.1765	71.2089	68.0118	249.0133	120.6359
PI601322xPI596355	6.9143	69.6214	67.3909	254.5325	120.6443
PI601322xNSL437994	6.4468	68.3713	66.6763	245.9371	120.6546
PI601009xNSL437891	5.2148	72.2511	70.093	231.3814	120.7194
PI601009xAmes27081	7.2022	70.2434	69.0967	222.0117	120.7352
PI601322xA632	6.6791	67.0351	64.7295	241.4475	120.9329
PI601322xNSL437996	6.5324	68.4092	66.5897	241.8077	120.9567
PI601322xPI601417	7.0896	67.1489	65.7103	238.3085	120.9659
PI601322xPI631444	5.8851	71.3444	68.4179	239.9245	121.1884
PI601322xPI594086	6.5551	66.9589	66.1652	242.0777	121.2026
PI601322xAmes28932	6.9675	69.9796	67.1629	232.9036	121.3369
PI601322xAmes28420	6.703	68.3862	66.0166	234.6607	121.456
PI601322xAmes27161	7.0437	68.4989	65.9379	245.6382	121.5583
PI601322xPI553063	5.9741	68.6271	65.1289	249.8747	121.5617
PI601322xPI601191	6.7778	67.6109	66.2712	240.9556	121.5915
PI601009xPI186218	5.2995	66.0872	65.1409	226.4081	121.6543
PI601322xB68	6.3791	69.5995	67.2195	243.1989	121.7688
PI601322xAmes22756	5.5691	68.0052	66.0586	245.4657	121.7956
PI601322xPI517972	5.7214	70.0316	67.6111	247.425	121.9382
PI601322xPI594072	7.2871	68.1664	65.983	244.1111	121.9744
PI601322xPI648429	6.4697	67.7062	65.8431	240.7395	121.9832
PI601322xPI511309	6.4966	67.6652	65.9892	249.8128	122.0128
PI601322xNSL438019	7.2758	68.1888	66.136	235.319	122.0405
PI601322xPI340850	4.864	70.0789	65.9741	242.2105	122.2
PI601322xPI601777	8.5413	68.9748	66.3359	250.235	122.2417
PI601322xNSL81598	5.8439	68.4933	66.809	247.1336	122.3964
PI601322xB73	7.2406	68.2449	65.775	241.8311	122.4083
PI601322xAb28A	-999	74.0174	70.0752	223.7758	122.7839
PI601322xPI607382	7.2469	68.3844	66.3694	252.3979	122.8439
PI601322xNSL437910	6.7331	68.6298	66.3937	243.153	123.0967
PI601322x38-11	5.5471	70.8533	67.6325	245.1446	123.1712
PI601322xAmes27193	6.6393	69.0171	66.4411	244.0087	123.2865
PI601322xB109	5.8612	71.6446	67.9763	251.1002	123.2911
PI601322xPI601441	6.8207	68.2738	66.2428	235.9031	123.5235
PI601322xAmes26797	7.3132	71.8552	68.9256	243.006	123.6808
PI601322xPI592734	6.5941	68.3814	65.7945	236.9969	123.683
PI601322xAmes27182	6.8633	68.2323	66.4612	249.5088	123.7441
PI601009xAmes30536	6.2334	67.0659	65.332	233.5542	123.7539
PI601322xB37	8.1269	68.6474	66.7345	252.1412	123.8067
PI601322xPI648426	7.6464	68.4517	66.0247	239.4938	123.8129
PI601322xNSL30864	6.7362	68.4366	65.8045	236.0155	123.8175
PI601322xPI648427	7.385	68.2192	65.9514	240.338	123.8898
PI601322xCIze82	6.9485	70.2782	67.0259	242.4513	123.9886
PI601322xPI200194	5.1598	70.1324	66.053	250.8843	124.0023
PI601322xAmes26742	6.3406	70.1392	67.2485	237.0028	124.012
PI601322xAmes28419	6.8166	68.5952	66.1943	238.2924	124.0268
PI601322xPI601362	6.7638	67.2361	65.7201	246.5866	124.3969
PI601322xPI538244	6.7851	67.4485	66.1373	248.1236	124.4998
PI601322xAmes27088	8.8448	72.4636	69.5611	241.1859	124.6339
PI601322xAmes27065	7.1738	68.6198	66.6906	244.2112	124.6358
PI601322xPI553056	-999	68.0111	64.7891	244.5177	124.7129
PI601322xPI594067	7.8857	66.9428	64.694	255.4442	124.7246
PI601322xAmes27171	6.903	72.3592	68.8683	253.4492	124.8186
PI601322xAmes27151	6.8647	68.4476	65.8499	234.8197	125.0001
PI601322xAmes30522	-999	-999	-999	238.562	125.294
PI601322xAmes27185	7.2082	69.965	67.1168	244.1167	125.6408
PI601322xAmes28361	6.4872	69.8316	66.7345	246.9638	125.849
PI601322xPI601498	7.7229	68.747	67.1454	257.0778	125.8627
PI601322xPI506247	7.3418	72.4341	70.408	273.4428	126.0154
PI601322xNSL75979	5.0153	70.563	66.7109	238.8001	126.1622
PI601009xAmes27101	6.7282	72.0576	69.1202	237.077	126.2151
PI601322xAmes27133	7.8842	74.3434	69.7422	248.508	126.2721
PI601322xPI303939	5.5377	68.3189	64.7183	244.7773	126.6183
PI601322xNSL437933	6.6664	69.2265	67.7333	235.2188	126.6312
PI601322xPI553059	4.6316	69.7477	65.124	248.1546	126.8369
PI601322xPI594053	8.1624	69.824	67.3116	245.6423	127.0065
PI601322xAmes30528	-999	66.7226	64.9184	253.3083	127.1784
PI601322xNSL437992	6.4394	67.8764	65.9499	244.5727	127.2459
PI601322xPI568160	7.2666	67.9988	65.6241	246.2579	127.252
PI601322xPI340855	5.3342	67.8289	64.6882	231.1772	127.2971
PI601322xPI550546	8.8856	72.3556	69.4925	237.0906	127.5908
PI601322xPI303940	5.9914	66.9932	64.8213	232.6316	127.6498
PI601322xPI550522	7.5854	71.2979	67.589	249.4667	127.669
PI601009xAmes30532	5.2715	70.1889	67.7499	241.635	127.7814
PI601322xPI550520	7.5079	71.3635	68.3002	244.484	128.0006
PI601322xNSL30866	-999	69.249	67.1809	240.5867	128.0588
PI601322xPI550462	6.444	67.4746	65.0438	245.5311	128.1542
PI601322xPI601563	6.8024	68.7002	66.2774	244.8939	128.2119
PI601322xAmes27113	6.7037	74.9858	72.1349	269.4669	128.2437
PI601322xAmes27124	6.3788	75.8529	71.617	242.9533	128.3289
PI601009xAmes27095	5.5086	75.263	73.1472	244.6072	128.3592
PI601322xAmes26808	5.5301	69.2282	66.3745	245.4404	128.5365
PI601322xPI531510	7.4459	69.0923	66.8946	232.0017	128.6349
PI601322xCIze29	6.8471	69.8598	66.8703	244.9891	128.6369
PI601322xAmes26120	6.9891	71.0089	67.2419	236.8251	128.9325
PI601322xAmes28365	6.3062	69.0905	66.5249	237.5457	129.1282
PI601322xPI633727	6.464	73.008	70.5024	241.523	129.1792
PI601322xNSL437960	6.161	71.4982	68.3815	246.8887	129.2601
PI601322xPI550455	6.3541	69.3941	66.503	245.5618	129.592
PI601322xAmes27083	6.8751	71.1115	68.5018	246.43	129.693
PI601322xNSL437995	6.9268	68.6779	66.5121	244.1283	129.7445
PI601322xAmes28417	-999	71.0047	68.1859	220.0692	129.8796
PI601322xPI641254	5.7428	70.2552	66.6526	261.0537	130.4148
PI601322xPI594073	7.5065	68.2529	65.7137	254.0613	130.5
PI601322xPI550518	6.7009	70.527	68.1732	249.9562	130.5226
PI601322xPI506253	7.2659	72.1959	69.7032	247.2506	131.0113
PI601322xNSL437930	6.8272	68.271	66.7264	247.2696	131.3673
PI601322xPI550521	6.9669	71.6294	67.6146	259.3785	131.9037
PI601322xPI540745	6.9529	74.9225	70.1809	254.3312	132.1717
PI601322xCML247	6.7274	75.9267	72.4571	246.8574	132.2197
PI601322xPI540747	7.0222	72.3437	71.1015	264.3847	132.4127
PI601322xAmes27134	5.5069	72.3643	70.5183	242.6788	132.5339
PI601322xAmes2523	6.348	69.5714	66.6368	231.3758	133.2284
PI601322xAmes27084	7.5707	72.1568	69.6965	252.144	133.5255
PI601322xPI596629	6.8944	72.7752	68.4156	248.9308	134.1263
PI601322xPI550547	6.7944	73.9403	68.3452	252.2345	134.1317
PI601322xPI550526	6.2737	70.3909	65.8771	243.7169	134.5975
PI601322xAmes30524	5.8948	70.4726	67.0473	248.6841	136.165
PI601322xNSL437891	6.9592	73.7969	69.5208	245.8037	136.329
PI601322xPI593010	7.1774	72.4667	68.7577	248.6453	138.4906
PI601322xCML277	5.9117	77.6874	72.4826	257.3023	138.8636
PI601322xAmes28184	6.7016	74.9321	71.6129	258.1427	139.583
PI601322xPI506246	6.5908	73.2211	70.2567	255.5909	140.0882
PI601322xAmes19327	8.4589	72.9075	70.3434	270.4494	141.2593
PI601009xAmes30535	6.5006	76.7397	73.6612	252.9752	141.4892
PI601322xAmes27101	-999	-999	74.9908	256.8142	142.2292
PI601009xAmes30526	6.1942	76.779	74.316	253.6	142.9055
PI601322xCML52	5.894	77.5545	73.1102	278.4691	142.9082
PI601322xPI506255	7.4431	72.7899	70.1765	247.1068	143.2773
PI601322xAmes27081	7.9087	70.694	68.6306	242.2422	143.331
PI601322xPI550534	6.8758	71.8004	69.2682	256.7341	145.6775
PI601322xAmes30529	5.3795	73.8129	70.0707	272.1485	155.5742
PI601009xAmes27113	5.4542	86.7271	83.9346	288.5352	163.0489
PI601322xPI596505	1.9781	72.0952	69.6712	-999	-999
PI601009xAmes29017	-999	-999	-999	-999	-999
PI601009xMp339	-999	-999	-999	-999	-999
